0 1
0 2
0 3
0 4
0 5
1 24
1 11
1 18
1 65
1 108
1 110
1 371
1 430
1 431
1 432
1 433
1 434
1 435
1 436
1 437
1 438
1 439
1 440
2 6
2 10
2 14
2 78
2 601
2 602
2 603
2 604
2 18
2 108
2 21
2 126
2 605
2 606
2 31
2 607
2 33
2 37
2 608
2 609
2 610
2 308
2 611
2 197
2 612
2 213
2 224
2 613
2 228
2 614
2 615
2 42
2 616
2 617
2 618
2 619
2 620
2 621
2 48
2 622
2 49
2 623
2 271
2 624
2 625
2 626
2 627
2 628
2 629
2 630
2 631
2 632
2 633
2 55
2 634
2 635
2 636
2 637
2 71
2 550
2 638
2 639
2 640
2 641
2 642
2 643
2 644
2 645
2 646
2 647
2 648
2 649
2 650
2 651
2 652
2 653
2 654
4 738
4 739
4 617
4 630
4 740
4 741
5 441
5 11
5 80
5 119
5 152
5 742
5 743
5 744
5 745
5 176
5 182
5 746
5 747
5 484
5 212
5 213
5 748
5 749
5 750
5 751
5 256
5 752
5 47
5 753
5 754
5 755
5 756
5 757
5 316
5 758
5 759
5 56
5 760
5 761
5 762
5 763
5 764
5 765
5 766
5 59
5 767
5 768
5 769
5 770
5 771
5 772
5 773
5 774
5 775
5 776
5 777
5 778
5 779
5 780
5 781
6 7
6 8
6 9
6 10
6 11
6 12
6 13
6 14
6 15
6 16
6 17
6 18
6 19
6 20
6 21
6 22
6 23
6 24
6 25
6 26
6 27
6 28
6 29
6 30
6 31
6 32
6 33
6 34
6 35
6 36
6 37
6 38
6 39
6 40
6 41
6 42
6 43
6 44
6 45
6 46
6 47
6 48
6 49
6 50
6 51
6 52
6 53
6 54
6 55
6 56
6 57
6 58
6 59
6 60
6 61
7 22
7 1041
7 1059
7 1060
7 1061
7 1062
7 1063
7 16
7 1047
7 1064
7 1065
7 1066
7 439
8 11
8 16
8 1047
8 1326
8 1191
8 13
8 2549
8 1457
8 2533
8 2853
9 22
9 1041
9 11
9 13
9 1067
9 80
9 15
9 1063
9 16
9 94
9 326
9 18
9 1046
9 19
9 117
9 1047
9 119
9 1068
9 132
9 133
9 25
9 1069
9 1070
9 144
9 1071
9 150
9 152
9 1072
9 30
9 1073
9 566
9 31
9 304
9 1074
9 1075
9 1076
9 1077
9 1078
9 167
9 305
9 1079
9 1080
9 468
9 1081
9 1082
9 745
9 1083
9 179
9 1084
9 1085
9 1086
9 922
9 1087
9 381
9 1088
9 1089
9 1090
9 384
9 1091
9 1092
9 1093
9 1094
9 308
9 1095
9 1096
9 1097
9 1098
9 1099
9 1100
9 408
9 787
9 1101
9 1102
9 1103
9 310
9 1104
9 491
9 409
9 1105
9 391
9 1106
9 1107
9 1108
9 1109
9 1110
9 1111
9 239
9 1112
9 1113
9 43
9 1114
9 1115
9 1116
9 255
9 1117
9 1118
9 1119
9 1120
9 1121
9 1122
9 1123
9 47
9 1124
9 942
9 1125
9 1126
9 525
9 1127
9 526
9 1128
9 1129
9 1130
9 1131
9 275
9 1132
9 1133
9 1134
9 1135
9 1136
9 1137
9 1138
9 419
9 1139
9 1140
9 1141
9 1142
9 966
9 1143
9 1144
9 971
9 1145
9 1146
9 56
9 1147
9 1148
9 809
9 288
9 1149
9 1150
9 1151
9 817
9 1152
9 1153
9 598
9 1154
9 1155
9 1156
9 1157
9 1158
9 1159
9 1160
9 1161
9 1162
9 318
9 1163
9 1164
9 1165
9 767
9 319
9 1166
9 553
9 1167
9 1168
9 1169
9 1170
9 1171
9 1172
9 1173
9 1174
9 1175
9 1176
9 1177
9 1178
9 1179
9 1180
9 1181
9 1182
9 1183
9 1184
9 1185
9 1186
9 1187
9 780
9 1188
10 62
10 72
10 24
10 441
10 195
10 11
10 14
10 1043
10 16
10 18
10 26
10 37
10 1054
10 49
10 1191
10 12
10 3299
10 74
10 63
10 78
10 1194
10 3312
10 80
10 442
10 84
10 2547
10 86
10 1200
10 88
10 1482
10 17
10 93
10 300
10 95
10 97
10 100
10 64
10 108
10 109
10 19
10 3313
10 111
10 3314
10 1453
10 3315
10 328
10 122
10 21
10 3316
10 126
10 3317
10 132
10 133
10 135
10 136
10 137
10 139
10 140
10 141
10 3318
10 3319
10 1488
10 143
10 330
10 29
10 148
10 67
10 151
10 1490
10 1590
10 1591
10 2062
10 331
10 157
10 31
10 332
10 3320
10 159
10 3321
10 607
10 3322
10 34
10 334
10 3323
10 1915
10 3324
10 168
10 3325
10 3326
10 3327
10 2256
10 3328
10 173
10 175
10 3329
10 3330
10 1365
10 3331
10 3332
10 181
10 3333
10 3334
10 185
10 3335
10 189
10 3336
10 3337
10 3338
10 478
10 1095
10 1500
10 3339
10 196
10 3340
10 38
10 201
10 202
10 340
10 2504
10 3341
10 205
10 3342
10 1502
10 206
10 1315
10 484
10 212
10 213
10 3343
10 2923
10 1235
10 222
10 3344
10 224
10 3345
10 3346
10 3148
10 3347
10 3348
10 3349
10 3350
10 391
10 232
10 3351
10 233
10 3352
10 2995
10 3353
10 235
10 1802
10 1343
10 240
10 3354
10 242
10 3355
10 3356
10 245
10 498
10 3357
10 3358
10 3359
10 3360
10 1507
10 1656
10 503
10 44
10 250
10 3361
10 3362
10 3363
10 3364
10 45
10 3365
10 3366
10 3367
10 3368
10 3369
10 2932
10 267
10 3370
10 1813
10 2799
10 2800
10 2120
10 3371
10 271
10 3372
10 3373
10 1135
10 53
10 3374
10 3375
10 3376
10 283
10 284
10 70
10 3377
10 290
10 3378
10 3379
10 58
10 3380
10 3381
10 3382
10 3383
10 2859
10 3384
11 72
11 22
11 24
11 362
11 302
11 441
11 583
11 1041
11 1189
11 1190
11 1191
11 12
11 13
11 76
11 1067
11 63
11 1192
11 1193
11 78
11 1194
11 80
11 82
11 1043
11 1195
11 442
11 84
11 1196
11 86
11 87
11 1197
11 1198
11 1199
11 1200
11 1063
11 90
11 322
11 1201
11 1202
11 1203
11 1204
11 1205
11 93
11 300
11 1206
11 96
11 98
11 364
11 100
11 102
11 103
11 326
11 64
11 1044
11 365
11 18
11 109
11 19
11 111
11 112
11 117
11 1207
11 118
11 1208
11 1209
11 119
11 1210
11 21
11 124
11 125
11 1211
11 23
11 913
11 131
11 132
11 133
11 26
11 136
11 137
11 406
11 1212
11 1213
11 1214
11 1215
11 1216
11 1217
11 144
11 1071
11 148
11 150
11 151
11 1218
11 154
11 566
11 157
11 158
11 1219
11 332
11 304
11 1220
11 159
11 607
11 1221
11 1222
11 1223
11 1224
11 1225
11 167
11 468
11 171
11 744
11 1226
11 37
11 1049
11 1227
11 179
11 337
11 1228
11 381
11 383
11 1229
11 1230
11 191
11 308
11 196
11 197
11 38
11 1231
11 201
11 39
11 1232
11 1233
11 1234
11 213
11 408
11 1235
11 220
11 1236
11 1237
11 310
11 1238
11 1239
11 225
11 1240
11 1241
11 1242
11 1243
11 1244
11 1245
11 1246
11 1247
11 42
11 239
11 1248
11 393
11 1249
11 43
11 1250
11 1251
11 591
11 592
11 1252
11 250
11 1253
11 1254
11 1255
11 1256
11 1257
11 1258
11 1259
11 47
11 1260
11 1261
11 1262
11 1263
11 1264
11 527
11 1265
11 1266
11 1267
11 1268
11 1269
11 953
11 1270
11 1271
11 1272
11 1273
11 1274
11 1275
11 276
11 53
11 1276
11 959
11 1277
11 1278
11 1279
11 1280
11 1281
11 279
11 1282
11 758
11 1142
11 1283
11 759
11 596
11 1284
11 1285
11 1286
11 71
11 1287
11 320
11 1288
11 1289
11 1290
11 1291
11 1292
11 1293
11 1294
11 1295
11 1296
11 1297
11 1298
11 1299
11 1300
11 1301
11 778
11 559
11 1302
11 1303
11 1304
11 1305
11 1306
11 1307
12 14
12 1043
12 15
12 16
12 1047
12 413
12 1059
12 1191
12 13
12 39
12 2958
12 1189
12 1193
12 84
12 1200
12 1331
12 1202
12 1203
12 2992
12 1838
12 1333
12 1335
12 135
12 2993
12 1223
12 2994
12 1559
12 1435
12 2885
12 2384
12 2867
12 1437
12 203
12 2868
12 2995
12 42
12 2996
12 494
12 2194
12 2870
12 2873
12 46
12 2877
12 2878
12 54
12 2997
12 426
12 2998
12 1292
13 14
13 16
13 1047
13 37
13 1059
13 1063
13 1189
13 1193
13 1195
13 1331
13 1202
13 1838
13 2865
13 2866
13 1335
13 913
13 2860
13 1456
13 1223
13 743
13 35
13 1559
13 1435
13 1087
13 1877
13 1339
13 610
13 2867
13 1437
13 203
13 39
13 2868
13 1235
13 2577
13 1243
13 2869
13 42
13 2870
13 2871
13 2872
13 1346
13 2873
13 46
13 2874
13 2875
13 1441
13 1895
13 2876
13 2877
13 1318
13 2878
13 54
13 426
13 2879
13 2880
14 1041
14 1042
14 1326
14 1059
14 1327
14 1067
14 1193
14 1328
14 15
14 1329
14 1330
14 1062
14 1200
14 1331
14 1063
14 16
14 17
14 300
14 1332
14 326
14 1333
14 108
14 1334
14 110
14 1335
14 117
14 1047
14 21
14 129
14 132
14 1313
14 1336
14 1070
